Max units in database: 7444771

~~~~~~~~~~~~~~~~~~~~~~~~~~~~~

Units: 78 different units.

10668
56197
46198
481
12646
1
1723
53975
1440
7
5
2998
24908
33690
38647
10113
3
25057
61537
11272
8
11542
2693
3
16803
66852
3
5647
4
7
81
1790
4491
4149
44803
4189
16243
34474
3
2
11414
7
46
11899
72
2591
8659
4633
1605
1
210
1541
2
30753
53
1667
131571
72414
28
24319
35219
38111
9
2
17609
4045
20272
19849
17678
1661
3
6
2774
39022
1169
6
13158
180646
~~~~~~~~~~~~~~~~~~~~~~~~~~~~~

Max in Patches by units: 

1539
390
1699
2386
170
421
1120
537
862
791
1549
8466
2250
9993
10330
1130
1804
4170
2434
4169
3355
8491
7995
1622
11598
8476
1463
1253
3234
2726
3577
3237
7157
12
75
135
10
3
2408
823
1849
4142
219
362
598
349
481
354
1145
1
319
38
463
260
19
74
102
66
122
80
270
9596
2961
9427
12064
926
1720
3401
2233
2591
2312
6875
526
139
386
209
13
27
84
71
57
68
183
3
2
929
423
487
707
74
99
142
131
100
111
251
9283
1374
2033
4489
523
866
2047
1431
1742
1301
2945
20482
4555
2148
2217
189
401
689
328
406
357
1918
8793
1853
5339
7719
726
1209
2693
1627
2378
1870
4847
1599
351
3993
2706
127
116
326
158
394
605
1251
2
4906
798
3347
4743
507
1076
1912
1281
1379
1641
3467
17472
3120
8351
11347
1166
2125
4097
3697
3585
2903
7287
3013
734
2139
1545
123
260
640
451
492
404
772
2
1
3
3608
604
2217
1515
175
308
694
555
587
482
834
1298
212
228
327
36
79
104
87
159
46
193
3
2
2079
656
2831
3267
262
324
998
746
1338
914
3388
15432
2761
10483
10675
1237
1650
4255
2808
4592
3307
9652
2
557
115
3252
399
24
51
208
223
259
140
419
2
6
24
3
265
71
344
317
30
35
147
122
126
91
246
1645
258
556
534
66
137
283
237
220
192
432
1328
264
461
549
59
131
380
237
213
237
290
6663
1883
10038
9133
714
1607
3508
2391
1941
2544
5246
596
308
760
1079
69
108
200
152
254
149
521
4204
750
4169
3015
133
126
627
320
645
563
1691
4009
571
10991
9436
678
1055
3304
2084
1284
1507
2779
1
2
1
1
2
1
1
1765
312
1284
2323
290
494
911
734
609
807
1885
1
2
5
2
13
12
3
1
2466
756
1922
2758
223
403
826
442
535
426
1162
50
899
247
442
334
47
97
206
103
203
134
281
2585
444
1731
1153
62
247
574
430
340
309
784
192
23
2065
522
73
191
506
320
314
258
587
648
92
216
175
20
33
78
68
60
64
135
1
7
50
44
6
168
56
427
220
62
97
235
141
188
75
293
1
5696
2069
5433
6968
539
981
1959
1205
1492
1411
3326
19
2
514
65
441
269
18
44
100
82
72
51
121
35485
6933
18613
27163
2726
4837
9678
7509
7453
6716
16259
16926
4468
15615
14774
1256
2058
4314
3089
3955
3581
9427
14
5001
1471
5818
5068
494
978
1793
1618
1486
1198
3064
13267
3234
6020
6744
444
791
1432
1038
1153
1109
3005
4965
1170
9097
7715
867
1237
2975
2332
2078
1232
4443
6
1
1
84
26
3958
4508
428
1033
1791
1233
1228
1352
2532
1247
261
474
858
107
200
357
191
216
164
170
5529
1801
3671
3852
243
613
1048
531
678
648
1671
5449
1661
3275
3976
232
568
1573
1448
1078
946
1923
7961
1873
3858
3066
215
308
818
556
520
501
1760
70
34
342
220
50
60
132
204
224
227
378
3
3
1
1201
206
488
746
88
141
190
202
146
92
342
4567
1766
6053
9460
731
1288
2983
1586
2637
2277
5674
361
77
241
195
47
47
108
69
136
56
93
3
1991
770
3027
2673
144
251
545
523
490
721
2023
38947
7325
34864
32716
3777
4746
12718
8925
12479
9920
24745
~~~~~~~~~~~~~~~~~~~~~~~~~~~~~

Max in Matchups by units: 

1539
390
1699
2386
170
421
1120
537
862
791
1549
8466
2250
9993
10330
1130
1804
4170
2434
4169
3355
8491
7995
1622
11598
8476
1463
1253
3234
2726
3577
3237
7157
12
75
135
10
3
2408
823
1849
4142
219
362
598
349
481
354
1145
1
319
38
463
260
19
74
102
66
122
80
270
9596
2961
9427
12064
926
1720
3401
2233
2591
2312
6875
526
139
386
209
13
27
84
71
57
68
183
3
2
929
423
487
707
74
99
142
131
100
111
251
9283
1374
2033
4489
523
866
2047
1431
1742
1301
2945
20482
4555
2148
2217
189
401
689
328
406
357
1918
8793
1853
5339
7719
726
1209
2693
1627
2378
1870
4847
1599
351
3993
2706
127
116
326
158
394
605
1251
2
4906
798
3347
4743
507
1076
1912
1281
1379
1641
3467
17472
3120
8351
11347
1166
2125
4097
3697
3585
2903
7287
3013
734
2139
1545
123
260
640
451
492
404
772
2
1
3
3608
604
2217
1515
175
308
694
555
587
482
834
1298
212
228
327
36
79
104
87
159
46
193
3
2
2079
656
2831
3267
262
324
998
746
1338
914
3388
15432
2761
10483
10675
1237
1650
4255
2808
4592
3307
9652
2
557
115
3252
399
24
51
208
223
259
140
419
2
6
24
3
265
71
344
317
30
35
147
122
126
91
246
1645
258
556
534
66
137
283
237
220
192
432
1328
264
461
549
59
131
380
237
213
237
290
6663
1883
10038
9133
714
1607
3508
2391
1941
2544
5246
596
308
760
1079
69
108
200
152
254
149
521
4204
750
4169
3015
133
126
627
320
645
563
1691
4009
571
10991
9436
678
1055
3304
2084
1284
1507
2779
1
2
1
1
2
1
1
1765
312
1284
2323
290
494
911
734
609
807
1885
1
2
5
2
13
12
3
1
2466
756
1922
2758
223
403
826
442
535
426
1162
50
899
247
442
334
47
97
206
103
203
134
281
2585
444
1731
1153
62
247
574
430
340
309
784
192
23
2065
522
73
191
506
320
314
258
587
648
92
216
175
20
33
78
68
60
64
135
1
7
50
44
6
168
56
427
220
62
97
235
141
188
75
293
1
5696
2069
5433
6968
539
981
1959
1205
1492
1411
3326
19
2
514
65
441
269
18
44
100
82
72
51
121
35485
6933
18613
27163
2726
4837
9678
7509
7453
6716
16259
16926
4468
15615
14774
1256
2058
4314
3089
3955
3581
9427
14
5001
1471
5818
5068
494
978
1793
1618
1486
1198
3064
13267
3234
6020
6744
444
791
1432
1038
1153
1109
3005
4965
1170
9097
7715
867
1237
2975
2332
2078
1232
4443
6
1
1
84
26
3958
4508
428
1033
1791
1233
1228
1352
2532
1247
261
474
858
107
200
357
191
216
164
170
5529
1801
3671
3852
243
613
1048
531
678
648
1671
5449
1661
3275
3976
232
568
1573
1448
1078
946
1923
7961
1873
3858
3066
215
308
818
556
520
501
1760
70
34
342
220
50
60
132
204
224
227
378
3
3
1
1201
206
488
746
88
141
190
202
146
92
342
4567
1766
6053
9460
731
1288
2983
1586
2637
2277
5674
361
77
241
195
47
47
108
69
136
56
93
3
1991
770
3027
2673
144
251
545
523
490
721
2023
38947
7325
34864
32716
3777
4746
12718
8925
12479
9920
24745
~~~~~~~~~~~~~~~~~~~~~~~~~~~~~

Max in Matchups by patches: 

32609
38947
14802
27049
15533
9150
34020
26669
13307
6828
4189
7281
5407
6911
5632
3446
7325
6933
4468
1063
27158
26219
9472
34864
12647
8857
30387
16592
11419
5915
17571
24169
14639
26389
16760
8448
32716
27163
14774
10016
1977
2604
1014
2196
1522
807
3777
2726
1256
989
3216
4718
2574
4119
3007
802
4746
4837
2026
1187
8095
11277
5505
10558
5298
2369
12718
9678
4068
2869
5390
8925
5507
7481
3194
1898
7813
6545
2883
2311
6283
8531
3823
6628
3780
1704
12479
7453
3955
3787
5710
6904
2356
8551
3483
1968
9920
6716
3440
2652
12669
16732
9576
16639
9093
6721
24745
16259
9427
9236
